%YAML:1.0
calibration_time: "Wed 18 Jan 2017 01:15:51 PM CET"
nframes: 10
image_width: 640
image_height: 480
board_width: 14
board_height: 9
square_size: 1.
flags: 0
camera_matrix: !!opencv-matrix
   rows: 3
   cols: 3
   dt: d
   data: [ 4.8075091129505648e+02, 0., 3.0693278440455680e+02, 0.,
       4.7506462879109779e+02, 2.4613225926556555e+02, 0., 0., 1. ]
distortion_coefficients: !!opencv-matrix
   rows: 5
   cols: 1
   dt: d
   data: [ 4.6055844915940801e-02, 2.5948589920163651e-01,
       -1.7642084040596581e-02, -6.8199234242984595e-03,
       -6.1204954332077222e-01 ]
avg_reprojection_error: 1.2306434097297358e+00
