%YAML:1.0
calibration_time: "Wed 18 Jan 2017 01:15:51 PM CET"
nframes: 10
image_width: 640
image_height: 480
board_width: 14
board_height: 9
square_size: 1.
flags: 0
camera_matrix: !!opencv-matrix
   rows: 3
   cols: 3
   dt: d
   data: [ 4.8075091129505648e+02, 0., 3.0693278440455680e+02, 0.,
       4.7506462879109779e+02, 2.4613225926556555e+02, 0., 0., 1. ]
distortion_coefficients: !!opencv-matrix
   rows: 5
   cols: 1
   dt: d
   data: [ 4.6055844915940801e-02, 2.5948589920163651e-01,
       -1.7642084040596581e-02, -6.8199234242984595e-03,
       -6.1204954332077222e-01 ]
avg_reprojection_error: 1.2306434097297358e+00
per_view_reprojection_errors: !!opencv-matrix
   rows: 10
   cols: 1
   dt: f
   data: [ 3.56988549e-01, 4.17986572e-01, 3.38041514e-01,
       2.34079266e+00, 4.47290093e-01, 8.23419273e-01, 1.17113793e+00,
       1.56858683e+00, 1.52940536e+00, 1.48320580e+00 ]
# a set of 6-tuples (rotation vector + translation vector) for each view
extrinsic_parameters: !!opencv-matrix
   rows: 10
   cols: 6
   dt: d
   data: [ -3.4103690591015995e-01, -1.2259205932163304e-02,
       -1.0189069294721644e-01, -3.5507559221505320e+00,
       -3.2627196444440973e+00, 2.6346046977256570e+01,
       -2.6594898938759581e-01, -2.3325103968443162e-01,
       -1.3703297428860173e-01, -9.1076158786952046e+00,
       -4.2304297601912397e+00, 2.4773289546068177e+01,
       -2.3154465515766515e-01, -1.5140500662092499e-01,
       -1.3532625357035466e-01, -7.5091661927973972e+00,
       -6.4317378624430548e+00, 2.4069472810127873e+01,
       -2.3669056465031674e-01, 8.0643502370920078e-02,
       6.2345000884840599e-03, -5.7153339918596560e+00,
       -2.9602780772681729e+00, 2.4471017111265510e+01,
       -2.1099731603155100e-01, 1.2294977143212505e-02,
       1.2977993986065616e-02, -3.9131904294378006e+00,
       -5.8521679362423988e+00, 2.4337702592316830e+01,
       -8.7479766830771216e-02, -3.1943228868242461e-02,
       -3.1777664854425881e-02, -7.3629001906393681e+00,
       2.2721814007232592e+00, 2.4853073152604352e+01,
       -1.6541394910031529e-01, -2.6939294486286491e-01,
       -1.9684618494204223e-01, -7.1097265696602925e+00,
       -1.1299289395579397e+00, 1.9452157469908069e+01,
       -2.1828582818655096e-01, -1.2189625332339109e-01,
       -9.7386229427983001e-02, -4.7160892972025028e+00,
       -3.1524155724045766e+00, 1.8778445808306021e+01,
       -1.4566545589560662e-01, 4.8040288212922999e-02,
       -2.1322896339728555e-02, -5.7452990758770115e+00,
       -3.3009145191699751e+00, 1.9360234572859529e+01,
       -2.0908509729867086e-01, 1.3045067952030165e-01,
       -2.1080646326904046e-01, -1.0774469622076584e+01,
       7.5246675760293880e-01, 1.9506748821153856e+01 ]
image_points: !!opencv-matrix
   rows: 10
   cols: 126
   dt: "2f"
   data: [ 2.41923874e+02, 1.86678192e+02, 2.60159973e+02,
       1.85244995e+02, 2.78625153e+02, 1.83483719e+02, 2.96851013e+02,
       1.81797272e+02, 3.14909546e+02, 1.80406326e+02, 3.33062592e+02,
       1.78279068e+02, 3.51251251e+02, 1.76885727e+02, 3.69031799e+02,
       1.74903885e+02, 3.87034332e+02, 1.73078629e+02, 4.05064392e+02,
       1.71334702e+02, 4.22916229e+02, 1.69385605e+02, 4.41026489e+02,
       1.66752838e+02, 4.59028503e+02, 1.65195953e+02, 4.77060608e+02,
       1.63140320e+02, 2.42768509e+02, 2.03144623e+02, 2.61485229e+02,
       2.01286179e+02, 2.80075012e+02, 1.99889481e+02, 2.98530914e+02,
       1.98266937e+02, 3.17041473e+02, 1.96644012e+02, 3.35145508e+02,
       1.94889236e+02, 3.53495697e+02, 1.93035904e+02, 3.71704010e+02,
       1.91429916e+02, 3.89680328e+02, 1.89319717e+02, 4.07867432e+02,
       1.87493301e+02, 4.26101440e+02, 1.85673599e+02, 4.44352478e+02,
       1.83465546e+02, 4.62591461e+02, 1.80951111e+02, 4.81168457e+02,
       1.78580795e+02, 2.43815689e+02, 2.19993729e+02, 2.62744354e+02,
       2.18130676e+02, 2.81686615e+02, 2.16849213e+02, 3.00258972e+02,
       2.15024826e+02, 3.19027893e+02, 2.13554428e+02, 3.37356781e+02,
       2.11710541e+02, 3.55837219e+02, 2.09691162e+02, 3.74369202e+02,
       2.07888382e+02, 3.92688904e+02, 2.06043228e+02, 4.11058502e+02,
       2.03830963e+02, 4.29494385e+02, 2.02116486e+02, 4.47939423e+02,
       1.99720474e+02, 4.66171448e+02, 1.97926224e+02, 4.84770325e+02,
       1.95499954e+02, 2.45070801e+02, 2.37316849e+02, 2.64092377e+02,
       2.35409805e+02, 2.83179901e+02, 2.33949173e+02, 3.02355530e+02,
       2.32216797e+02, 3.20768341e+02, 2.30603333e+02, 3.39752808e+02,
       2.28896744e+02, 3.58280090e+02, 2.26772537e+02, 3.77084167e+02,
       2.25085144e+02, 3.95576660e+02, 2.23058731e+02, 4.14231018e+02,
       2.20742752e+02, 4.32772339e+02, 2.18752060e+02, 4.51588837e+02,
       2.16820419e+02, 4.69858002e+02, 2.14911209e+02, 4.88418793e+02,
       2.12837906e+02, 2.46056213e+02, 2.54930267e+02, 2.65495972e+02,
       2.53199768e+02, 2.85019257e+02, 2.51575272e+02, 3.03811737e+02,
       2.49706757e+02, 3.23168335e+02, 2.48337463e+02, 3.42167480e+02,
       2.46232178e+02, 3.60827301e+02, 2.44406372e+02, 3.79812836e+02,
       2.42513428e+02, 3.98588898e+02, 2.40476547e+02, 4.17380768e+02,
       2.38225967e+02, 4.36371094e+02, 2.36258423e+02, 4.55136597e+02,
       2.34347458e+02, 4.73775055e+02, 2.32155243e+02, 4.92584656e+02,
       2.30248611e+02, 2.46947037e+02, 2.72740143e+02, 2.66740082e+02,
       2.71461029e+02, 2.86284729e+02, 2.69527496e+02, 3.05951935e+02,
       2.68058014e+02, 3.25376892e+02, 2.66300659e+02, 3.44423279e+02,
       2.63980621e+02, 3.63489288e+02, 2.62422668e+02, 3.82706848e+02,
       2.60366455e+02, 4.01619385e+02, 2.58202820e+02, 4.20758484e+02,
       2.56328339e+02, 4.39886566e+02, 2.54149521e+02, 4.58838593e+02,
       2.52002380e+02, 4.77789154e+02, 2.49873245e+02, 4.96884735e+02,
       2.48053192e+02, 2.48422302e+02, 2.92015442e+02, 2.68271057e+02,
       2.89645203e+02, 2.88152344e+02, 2.87646271e+02, 3.07747559e+02,
       2.85839233e+02, 3.27229309e+02, 2.83914154e+02, 3.46494385e+02,
       2.81983429e+02, 3.66099274e+02, 2.80197784e+02, 3.85448883e+02,
       2.77785706e+02, 4.04632965e+02, 2.75842316e+02, 4.23999329e+02,
       2.73965607e+02, 4.43373535e+02, 2.71666534e+02, 4.62703125e+02,
       2.70345947e+02, 4.81966492e+02, 2.68387024e+02, 5.01400452e+02,
       2.66098358e+02, 2.49467529e+02, 3.11542542e+02, 2.69610260e+02,
       3.09249237e+02, 2.89524139e+02, 3.06922028e+02, 3.09619934e+02,
       3.05060150e+02, 3.29415283e+02, 3.03059387e+02, 3.49145844e+02,
       3.00811249e+02, 3.68750580e+02, 2.98800629e+02, 3.88548157e+02,
       2.96824097e+02, 4.08109528e+02, 2.94607147e+02, 4.27502869e+02,
       2.92454041e+02, 4.47152649e+02, 2.90451050e+02, 4.66727600e+02,
       2.88439819e+02, 4.86145935e+02, 2.86224304e+02, 5.05545563e+02,
       2.83888062e+02, 2.50906708e+02, 3.31479340e+02, 2.71321045e+02,
       3.29129791e+02, 2.91510803e+02, 3.26711639e+02, 3.11661591e+02,
       3.24618744e+02, 3.31746307e+02, 3.22639160e+02, 3.51669250e+02,
       3.20487671e+02, 3.71658234e+02, 3.18154602e+02, 3.91609161e+02,
       3.16063263e+02, 4.11555847e+02, 3.14000610e+02, 4.31347595e+02,
       3.11633484e+02, 4.51150269e+02, 3.09455688e+02, 4.70873566e+02,
       3.07368500e+02, 4.90656647e+02, 3.05355682e+02, 5.10467926e+02,
       3.03130920e+02, 1.26742836e+02, 1.62362717e+02, 1.47666183e+02,
       1.61144913e+02, 1.68409363e+02, 1.60542404e+02, 1.88241989e+02,
       1.59726517e+02, 2.07711868e+02, 1.58745697e+02, 2.26531357e+02,
       1.57839844e+02, 2.45371552e+02, 1.57286713e+02, 2.63439819e+02,
       1.56321762e+02, 2.81340118e+02, 1.55281494e+02, 2.98744537e+02,
       1.54409378e+02, 3.15946136e+02, 1.53573593e+02, 3.33026794e+02,
       1.51826767e+02, 3.49631592e+02, 1.51241440e+02, 3.65804932e+02,
       1.49953995e+02, 1.28389359e+02, 1.79960434e+02, 1.49488617e+02,
       1.78797592e+02, 1.70138153e+02, 1.77847366e+02, 1.90423645e+02,
       1.77331909e+02, 2.09865250e+02, 1.76258911e+02, 2.29080261e+02,
